8 0.335811 0.429142 0.025676 0.059880
8 0.347973 0.498004 0.050000 0.037924
8 0.408784 0.453094 0.044595 0.039920
8 0.520270 0.148703 0.024324 0.053892
8 0.386486 0.160679 0.037838 0.033932
8 0.175000 0.217565 0.125676 0.079840
8 0.561486 0.617764 0.060811 0.057884
8 0.560811 0.511976 0.024324 0.049900
8 0.510811 0.664671 0.027027 0.079840
8 0.452027 0.641717 0.033784 0.029940
8 0.422973 0.609780 0.035135 0.037924
8 0.477703 0.568862 0.036486 0.043912
8 0.452027 0.528942 0.028378 0.039920
8 0.471622 0.487026 0.021622 0.043912
8 0.370946 0.575848 0.028378 0.053892
8 0.101351 0.630739 0.029730 0.051896
8 0.197973 0.732535 0.063514 0.075848
8 0.573649 0.754491 0.022973 0.027944
8 0.556757 0.679641 0.032432 0.037924
8 0.656081 0.520958 0.017568 0.035928
8 0.616216 0.559880 0.035135 0.045908
8 0.429054 0.669661 0.031081 0.029940
