8 0.400775 0.467532 0.041860 0.064935
8 0.364341 0.534632 0.049612 0.043290
8 0.366667 0.609307 0.051163 0.062771
8 0.517054 0.786797 0.060465 0.106061
8 0.348062 0.880952 0.051163 0.056277
8 0.573643 0.955628 0.049612 0.067100
8 0.803101 0.708874 0.034109 0.058442
8 0.651163 0.572511 0.034109 0.062771
8 0.634109 0.446970 0.024806 0.062771
8 0.600000 0.461039 0.031008 0.056277
8 0.599225 0.505411 0.038760 0.036797
8 0.497674 0.477273 0.024806 0.054113
8 0.453488 0.418831 0.026357 0.067100
8 0.500775 0.571429 0.034109 0.047619
8 0.517054 0.679654 0.054264 0.051948
8 0.453488 0.717532 0.035659 0.075758
8 0.642636 0.795455 0.044961 0.054113
8 0.688372 0.790043 0.037209 0.047619
