8 0.161799 0.653386 0.094626 0.127490
8 0.273949 0.635458 0.075935 0.091633
8 0.342290 0.584661 0.107477 0.077689
8 0.393692 0.678287 0.065421 0.093625
8 0.119159 0.784861 0.095794 0.059761
8 0.085864 0.891434 0.108645 0.101594
8 0.535047 0.517928 0.086449 0.055777
8 0.573014 0.587649 0.073598 0.043825
8 0.571262 0.663347 0.098131 0.075697
8 0.485397 0.652390 0.054907 0.061753
8 0.458528 0.750996 0.033879 0.055777
8 0.412967 0.796813 0.071262 0.051793
8 0.299065 0.810757 0.100467 0.063745
8 0.223131 0.856574 0.063084 0.039841
8 0.654206 0.516932 0.088785 0.089641
8 0.650701 0.589641 0.063084 0.051793
8 0.741238 0.588645 0.094626 0.061753
8 0.785631 0.655378 0.066589 0.063745
8 0.851636 0.552789 0.081776 0.037849
8 0.938084 0.758964 0.079439 0.083665
8 0.863318 0.780876 0.044393 0.051793
8 0.714369 0.741036 0.073598 0.047809
8 0.718458 0.812749 0.058411 0.059761
8 0.641355 0.803785 0.067757 0.049801
8 0.804322 0.798805 0.057243 0.055777
8 0.596379 0.750996 0.061916 0.027888
