8 0.322368 0.383817 0.048246 0.070539
8 0.519006 0.272822 0.099415 0.109959
8 0.488304 0.375519 0.020468 0.049793
8 0.521199 0.493776 0.030702 0.087137
8 0.556287 0.592324 0.045322 0.139004
8 0.467105 0.495851 0.059942 0.141079
8 0.415936 0.591286 0.030702 0.070539
8 0.461257 0.676349 0.059942 0.120332
8 0.572368 0.139004 0.068713 0.112033
8 0.512427 0.098548 0.039474 0.097510
8 0.417398 0.109959 0.045322 0.087137
8 0.330409 0.195021 0.035088 0.062241
8 0.290936 0.237552 0.052632 0.089212
8 0.233918 0.490664 0.055556 0.130705
