8 0.271200 0.338272 0.059200 0.044444
8 0.520800 0.404938 0.072000 0.098765
8 0.363200 0.444444 0.032000 0.079012
8 0.228800 0.597531 0.048000 0.064198
8 0.266400 0.549383 0.049600 0.051852
8 0.184000 0.541975 0.025600 0.061728
8 0.166400 0.449383 0.044800 0.039506
8 0.128800 0.467901 0.075200 0.071605
8 0.529600 0.598765 0.019200 0.027160
8 0.613600 0.488889 0.046400 0.059259
8 0.368000 0.607407 0.060800 0.069136
8 0.263200 0.756790 0.027200 0.051852
8 0.357600 0.758025 0.036800 0.039506
8 0.752000 0.407407 0.057600 0.049383
