8 0.317237 0.337017 0.042787 0.066298
8 0.396088 0.444751 0.061125 0.090239
8 0.298289 0.413444 0.041565 0.068140
8 0.185208 0.348987 0.074572 0.075506
8 0.527506 0.078269 0.079462 0.079190
8 0.611858 0.334254 0.033007 0.064457
8 0.719438 0.398711 0.033007 0.075506
8 0.747555 0.503683 0.040342 0.090239
8 0.775061 0.468692 0.026895 0.064457
8 0.790954 0.407919 0.029340 0.075506
8 0.831296 0.558011 0.031785 0.081031
8 0.828240 0.647330 0.052567 0.104972
8 0.635697 0.502762 0.036675 0.077348
8 0.649144 0.418048 0.034230 0.081031
