8 0.677928 0.129808 0.055556 0.028846
8 0.768769 0.203526 0.060060 0.118590
8 0.821321 0.418269 0.072072 0.060897
8 0.788288 0.480769 0.066066 0.057692
8 0.659910 0.495192 0.106607 0.118590
8 0.500000 0.546474 0.045045 0.067308
8 0.557057 0.491987 0.048048 0.054487
8 0.420420 0.487179 0.054054 0.044872
8 0.478979 0.416667 0.093093 0.089744
8 0.404655 0.358974 0.061562 0.083333
8 0.337087 0.354167 0.052553 0.041667
8 0.277778 0.458333 0.048048 0.064103
8 0.070571 0.435897 0.048048 0.038462
8 0.069820 0.493590 0.040541 0.038462
8 0.340841 0.453526 0.054054 0.048077
8 0.578829 0.294872 0.052553 0.057692
8 0.614865 0.206731 0.040541 0.054487
8 0.651652 0.185897 0.042042 0.057692
8 0.694444 0.225962 0.028529 0.073718
8 0.730480 0.258013 0.028529 0.080128
8 0.731982 0.389423 0.028529 0.060897
8 0.897898 0.424679 0.030030 0.067308
