2 0.417424 0.304063 0.151115 0.230668
2 0.557803 0.352556 0.136251 0.165138
2 0.715524 0.550459 0.265070 0.254260
2 0.905037 0.193971 0.140380 0.306684
2 0.769612 0.315203 0.203138 0.174312
2 0.628406 0.192661 0.165153 0.183486
2 0.486788 0.146134 0.147812 0.211009
2 0.284476 0.269332 0.127993 0.132372
2 0.154418 0.329620 0.130471 0.150721
2 0.263006 0.475098 0.169282 0.169069
2 0.096201 0.540629 0.162675 0.245085
2 0.287366 0.699869 0.231214 0.304063
2 0.504955 0.649410 0.190751 0.258191
2 0.590834 0.897772 0.246903 0.204456
2 0.704377 0.799476 0.221305 0.283093
2 0.890173 0.722805 0.153592 0.239843
2 0.159372 0.878113 0.208092 0.233290
