2 0.444846 0.137483 0.204340 0.190150
2 0.683092 0.220930 0.187161 0.269494
2 0.886076 0.404241 0.213382 0.318741
2 0.673146 0.543776 0.138336 0.179207
2 0.755425 0.794802 0.223327 0.268126
2 0.553345 0.844049 0.264014 0.254446
2 0.503165 0.585499 0.174503 0.205198
2 0.576854 0.355677 0.141049 0.213406
2 0.365732 0.377565 0.248644 0.199726
2 0.310579 0.625855 0.292043 0.250342
2 0.264467 0.863885 0.199819 0.225718
2 0.150542 0.439124 0.190778 0.177839
2 0.169530 0.691518 0.127486 0.192886
2 0.301989 0.242134 0.128391 0.147743
