9 0.460922 0.239387 0.136273 0.058962
9 0.434870 0.323113 0.072144 0.089623
9 0.593186 0.303066 0.064128 0.073113
9 0.546092 0.378538 0.078156 0.077830
9 0.595190 0.484670 0.072144 0.096698
9 0.776553 0.443396 0.146293 0.075472
9 0.794589 0.581368 0.150301 0.139151
9 0.657315 0.739387 0.080160 0.091981
9 0.583166 0.916274 0.112224 0.110849
9 0.607214 0.791274 0.048096 0.068396
9 0.530060 0.821934 0.070140 0.068396
9 0.439880 0.816038 0.110220 0.070755
9 0.381764 0.740566 0.070140 0.084906
9 0.368737 0.613208 0.116232 0.084906
9 0.427856 0.471698 0.158317 0.150943
9 0.292585 0.737028 0.072144 0.115566
9 0.415832 0.945755 0.134269 0.094340
9 0.820641 0.261792 0.074148 0.132075
9 0.677355 0.560142 0.044088 0.063679
9 0.634269 0.634434 0.050100 0.080189
9 0.276553 0.533019 0.052104 0.080189
