2 0.575850 0.359855 0.185680 0.216998
2 0.756068 0.538879 0.087379 0.126582
2 0.498180 0.462929 0.239078 0.227848
2 0.360437 0.542495 0.162621 0.151899
2 0.493932 0.656420 0.114078 0.137432
2 0.573422 0.775769 0.095874 0.148282
2 0.694782 0.750452 0.095874 0.159132
2 0.262136 0.289331 0.150485 0.137432
2 0.279126 0.149186 0.186893 0.121157
2 0.090413 0.320072 0.173544 0.191682
2 0.254854 0.401447 0.189320 0.112116
2 0.214806 0.568716 0.121359 0.142857
2 0.293689 0.683544 0.126214 0.137432
2 0.199636 0.803797 0.100728 0.146474
2 0.387743 0.738698 0.064320 0.142857
2 0.455704 0.815552 0.105583 0.122966
2 0.058252 0.666365 0.111650 0.179024
