2 0.702688 0.431694 0.166579 0.308197
2 0.726147 0.173224 0.155509 0.232787
2 0.566948 0.209836 0.146020 0.172678
2 0.555087 0.415847 0.093832 0.256831
2 0.461518 0.459016 0.129151 0.192350
2 0.503426 0.611475 0.119135 0.154098
2 0.509752 0.839891 0.123353 0.224044
2 0.632314 0.866667 0.117554 0.179235
2 0.782815 0.606011 0.111755 0.202186
2 0.831840 0.787432 0.137059 0.226230
2 0.386927 0.596721 0.092778 0.172678
2 0.192409 0.845355 0.156036 0.182514
2 0.206378 0.707650 0.112283 0.125683
2 0.823142 0.406557 0.103848 0.179235
