2 0.553549 0.291089 0.198007 0.308911
2 0.790162 0.420792 0.123288 0.188119
2 0.765878 0.589109 0.114570 0.172277
2 0.645704 0.692079 0.205479 0.239604
2 0.872354 0.799010 0.148194 0.251485
2 0.475716 0.563366 0.156912 0.239604
2 0.470735 0.800990 0.127024 0.180198
2 0.306974 0.613861 0.120797 0.201980
2 0.361768 0.918812 0.100872 0.142574
2 0.202989 0.903960 0.184309 0.168317
2 0.156289 0.357426 0.163138 0.235644
2 0.089664 0.133663 0.134496 0.176238
2 0.371108 0.266337 0.154421 0.259406
2 0.706725 0.276238 0.098381 0.200000
2 0.868618 0.266337 0.143213 0.223762
