2 0.538946 0.394349 0.133753 0.162162
2 0.651456 0.542383 0.125885 0.227273
2 0.856019 0.427518 0.130606 0.245700
2 0.870574 0.628378 0.093627 0.146192
2 0.806845 0.745700 0.110936 0.164619
2 0.695122 0.844595 0.106216 0.224816
2 0.724233 0.636364 0.066876 0.199017
2 0.533438 0.719287 0.136900 0.156020
2 0.557435 0.867936 0.136113 0.133907
2 0.462234 0.855037 0.082612 0.130221
2 0.329662 0.647420 0.163651 0.176904
2 0.182927 0.724201 0.125098 0.217445
2 0.302518 0.482187 0.140834 0.116708
2 0.398112 0.363022 0.116444 0.151106
2 0.453973 0.211916 0.088120 0.168305
2 0.552714 0.226658 0.088906 0.190418
2 0.652636 0.296683 0.095201 0.232187
2 0.750983 0.217445 0.077891 0.208845
2 0.885523 0.108722 0.164437 0.187961
2 0.190008 0.256757 0.128245 0.142506
2 0.208891 0.421990 0.112510 0.133907
2 0.132573 0.471744 0.118804 0.213759
2 0.248230 0.931204 0.115657 0.132678
