2 0.700850 0.355958 0.202976 0.298643
2 0.901700 0.543741 0.190223 0.294118
2 0.837407 0.763952 0.136026 0.155354
2 0.658342 0.887632 0.239107 0.221719
2 0.551541 0.664404 0.157279 0.248869
2 0.315090 0.920060 0.149841 0.150830
2 0.141339 0.797134 0.218916 0.288084
2 0.344846 0.646305 0.247609 0.318250
2 0.438363 0.432127 0.171095 0.200603
2 0.517003 0.227753 0.164718 0.235294
2 0.303401 0.267722 0.192349 0.236802
2 0.199787 0.475867 0.121148 0.173454
2 0.094580 0.563348 0.108395 0.143288
2 0.092986 0.306938 0.158342 0.221719
