8 0.363074 0.314634 0.058304 0.082927
8 0.570671 0.376829 0.056537 0.104878
8 0.598940 0.263415 0.053004 0.058537
8 0.512367 0.173171 0.074205 0.073171
8 0.566254 0.102439 0.047703 0.078049
8 0.750000 0.240244 0.051237 0.056098
8 0.758834 0.337805 0.033569 0.085366
8 0.651060 0.374390 0.054770 0.046341
8 0.680212 0.497561 0.049470 0.048780
8 0.812721 0.532927 0.074205 0.060976
8 0.758834 0.612195 0.079505 0.039024
8 0.686396 0.615854 0.058304 0.095122
8 0.766784 0.726829 0.053004 0.121951
8 0.574205 0.756098 0.084806 0.131707
8 0.458481 0.673171 0.075972 0.048780
8 0.375442 0.648780 0.068905 0.063415
8 0.333039 0.832927 0.054770 0.104878
8 0.073322 0.635366 0.100707 0.075610
8 0.866608 0.870732 0.065371 0.078049
