8 0.273504 0.411877 0.068376 0.099617
8 0.274217 0.212644 0.086895 0.072797
8 0.461538 0.246169 0.074074 0.044061
8 0.663818 0.272989 0.099715 0.078544
8 0.625356 0.446360 0.065527 0.072797
8 0.769943 0.558429 0.072650 0.097701
8 0.893162 0.645594 0.088319 0.122605
8 0.589744 0.670498 0.145299 0.118774
8 0.405271 0.746169 0.052707 0.047893
8 0.466524 0.748084 0.044160 0.040230
8 0.581909 0.563218 0.075499 0.045977
8 0.482906 0.601533 0.031339 0.030651
8 0.361823 0.595785 0.019943 0.042146
8 0.391026 0.648467 0.047009 0.032567
8 0.289886 0.671456 0.081197 0.059387
8 0.228632 0.776820 0.066952 0.074713
8 0.366097 0.405172 0.017094 0.055556
8 0.395299 0.350575 0.032764 0.015326
8 0.463675 0.385057 0.049858 0.034483
8 0.353276 0.300766 0.056980 0.053640
8 0.385328 0.193487 0.041311 0.034483
8 0.207265 0.146552 0.055556 0.055556
8 0.688746 0.476054 0.035613 0.074713
