8 0.254026 0.392610 0.071742 0.073903
8 0.326501 0.326790 0.046852 0.043880
8 0.389458 0.319861 0.061493 0.034642
8 0.450952 0.357968 0.040996 0.046189
8 0.427526 0.416859 0.046852 0.025404
8 0.619327 0.230947 0.035139 0.055427
8 0.675695 0.150115 0.036603 0.041570
8 0.748170 0.211316 0.040996 0.062356
8 0.707906 0.241339 0.036603 0.048499
8 0.717423 0.353349 0.032211 0.036952
8 0.756955 0.413395 0.043924 0.046189
8 0.794290 0.367206 0.045388 0.041570
8 0.674231 0.396074 0.054173 0.062356
8 0.628843 0.412240 0.071742 0.048499
8 0.576135 0.277136 0.036603 0.032333
8 0.579063 0.330254 0.033675 0.041570
8 0.491215 0.464203 0.033675 0.050808
8 0.508053 0.353349 0.029283 0.073903
8 0.073939 0.397229 0.036603 0.046189
