8 0.350746 0.291992 0.093623 0.087891
8 0.764586 0.418945 0.093623 0.080078
8 0.761872 0.534180 0.039349 0.087891
8 0.818860 0.638672 0.055631 0.054688
8 0.925373 0.555664 0.059701 0.080078
8 0.869064 0.651367 0.025780 0.068359
8 0.663501 0.612305 0.054274 0.052734
8 0.663501 0.688477 0.035278 0.068359
8 0.252374 0.440430 0.051560 0.087891
8 0.326323 0.578125 0.077341 0.097656
8 0.234057 0.594727 0.061058 0.076172
8 0.308684 0.744141 0.074627 0.074219
8 0.533243 0.496094 0.081411 0.050781
8 0.355495 0.452148 0.062415 0.048828
8 0.182497 0.342773 0.074627 0.060547
8 0.102442 0.214844 0.047490 0.074219
8 0.200136 0.201172 0.044776 0.085938
8 0.172320 0.396484 0.054274 0.031250
8 0.415875 0.885742 0.055631 0.060547
8 0.444369 0.463867 0.031208 0.064453
8 0.314111 0.374023 0.055631 0.044922
8 0.335142 0.194336 0.054274 0.044922
