8 0.047043 0.830716 0.061828 0.094241
8 0.284274 0.885689 0.081989 0.078534
8 0.498656 0.519197 0.043011 0.068063
8 0.597446 0.593368 0.060484 0.073298
8 0.652554 0.539267 0.044355 0.076789
8 0.496640 0.420593 0.052419 0.041885
8 0.555780 0.454625 0.033602 0.057592
8 0.431452 0.458115 0.059140 0.057592
8 0.491263 0.593368 0.065860 0.066318
8 0.708333 0.668412 0.037634 0.059337
8 0.781586 0.751309 0.038978 0.071553
8 0.310484 0.226876 0.040323 0.045375
8 0.363575 0.342059 0.052419 0.069808
8 0.249328 0.235602 0.057796 0.080279
8 0.227151 0.157941 0.056452 0.043630
8 0.147849 0.091623 0.059140 0.050611
