8 0.463504 0.565261 0.080292 0.090361
8 0.711679 0.422691 0.059854 0.134538
8 0.613139 0.309237 0.043796 0.088353
8 0.553285 0.501004 0.040876 0.122490
8 0.691241 0.600402 0.048175 0.120482
8 0.351825 0.535141 0.035036 0.102410
8 0.320438 0.333333 0.042336 0.100402
8 0.357664 0.193775 0.035036 0.130522
8 0.408759 0.650602 0.046715 0.132530
8 0.367153 0.684739 0.045255 0.064257
8 0.536496 0.803213 0.091971 0.052209
8 0.623358 0.845382 0.064234 0.144578
8 0.570073 0.945783 0.080292 0.084337
8 0.421168 0.792169 0.042336 0.022088
8 0.535766 0.053213 0.067153 0.078313
