8 0.296703 0.404936 0.148352 0.071298
8 0.494505 0.411335 0.186813 0.062157
8 0.251374 0.279707 0.140110 0.073126
8 0.651099 0.489945 0.109890 0.069470
8 0.752747 0.550274 0.049451 0.069470
8 0.859890 0.605119 0.109890 0.080439
8 0.748626 0.656307 0.118132 0.047532
8 0.675824 0.583181 0.082418 0.065814
8 0.615385 0.634369 0.109890 0.065814
8 0.593407 0.710238 0.076923 0.074954
8 0.645604 0.778793 0.087912 0.051188
8 0.454670 0.793419 0.107143 0.098720
8 0.423077 0.613346 0.082418 0.060329
8 0.535714 0.553016 0.082418 0.104205
8 0.383242 0.569470 0.101648 0.056673
8 0.285714 0.662706 0.115385 0.060329
8 0.192308 0.613346 0.142857 0.071298
8 0.122253 0.551188 0.118132 0.067642
