8 0.535539 0.199433 0.051471 0.054820
8 0.460784 0.226843 0.044118 0.075614
8 0.739583 0.393195 0.037990 0.056711
8 0.612132 0.431947 0.060049 0.081285
8 0.517770 0.534972 0.037990 0.064272
8 0.546569 0.662571 0.049020 0.069943
8 0.316789 0.619093 0.045343 0.066163
8 0.262255 0.472590 0.049020 0.064272
8 0.194853 0.610586 0.026961 0.034026
8 0.213848 0.680529 0.030637 0.049149
8 0.235294 0.752363 0.051471 0.045369
8 0.638480 0.820416 0.039216 0.049149
8 0.770221 0.662571 0.025735 0.051040
8 0.793505 0.271267 0.035539 0.077505
8 0.652574 0.227788 0.037990 0.051040
8 0.336397 0.120983 0.040441 0.034026
