8 0.599496 0.308206 0.050378 0.066794
8 0.632872 0.132634 0.056675 0.089695
8 0.789043 0.266221 0.036524 0.120229
8 0.709068 0.262405 0.040302 0.104962
8 0.712217 0.387405 0.039043 0.076336
8 0.699622 0.516221 0.036524 0.070611
8 0.648615 0.423664 0.035264 0.122137
8 0.610831 0.467557 0.040302 0.068702
8 0.534635 0.496183 0.036524 0.083969
8 0.561083 0.612595 0.069270 0.122137
8 0.517632 0.722328 0.068010 0.074427
8 0.441436 0.763359 0.049118 0.057252
8 0.367128 0.799618 0.054156 0.083969
8 0.401134 0.441794 0.046599 0.127863
