8 0.419251 0.149225 0.029947 0.077519
8 0.513369 0.148256 0.064171 0.079457
8 0.647594 0.159884 0.028877 0.036822
8 0.802674 0.223837 0.041711 0.102713
8 0.727273 0.189922 0.055615 0.108527
8 0.626738 0.361434 0.021390 0.040698
8 0.412299 0.337209 0.026738 0.089147
8 0.488770 0.550388 0.036364 0.058140
8 0.519251 0.732558 0.035294 0.112403
8 0.265241 0.686047 0.034225 0.065891
8 0.220856 0.484496 0.035294 0.069767
8 0.402139 0.672481 0.038503 0.077519
8 0.156684 0.813953 0.045989 0.104651
8 0.778075 0.736434 0.045989 0.073643
8 0.729947 0.789729 0.033155 0.060078
