8 0.504706 0.501965 0.061176 0.163065
8 0.448824 0.650295 0.029412 0.133595
8 0.497647 0.764244 0.063529 0.223969
8 0.598824 0.629666 0.058824 0.214145
8 0.578824 0.512770 0.042353 0.172888
8 0.534118 0.380157 0.040000 0.111984
8 0.569412 0.238703 0.070588 0.178782
8 0.610588 0.070727 0.047059 0.117878
8 0.357059 0.403733 0.041176 0.135560
8 0.271765 0.495088 0.051765 0.145383
8 0.297647 0.369352 0.051765 0.204322
8 0.319412 0.187623 0.050588 0.139489
8 0.364706 0.135560 0.042353 0.078585
8 0.455294 0.061886 0.061176 0.100196
8 0.540000 0.067780 0.044706 0.092338
