8 0.360870 0.337237 0.043478 0.042155
8 0.378986 0.420375 0.036232 0.063232
8 0.426812 0.414520 0.039130 0.042155
8 0.447101 0.485948 0.050725 0.053864
8 0.452899 0.555035 0.062319 0.065574
8 0.498551 0.471897 0.046377 0.077283
8 0.581159 0.496487 0.037681 0.070258
8 0.655797 0.563232 0.039130 0.063232
8 0.724638 0.666276 0.049275 0.049180
8 0.651449 0.641686 0.021739 0.051522
8 0.596377 0.634660 0.036232 0.042155
8 0.614493 0.717799 0.055072 0.044496
8 0.549275 0.624122 0.034783 0.049180
8 0.564493 0.566745 0.024638 0.046838
8 0.531884 0.558548 0.023188 0.039813
8 0.497101 0.591335 0.034783 0.053864
8 0.536232 0.668618 0.043478 0.058548
8 0.373913 0.509368 0.046377 0.058548
