8 0.438581 0.418478 0.043253 0.123913
8 0.400519 0.504348 0.039792 0.095652
8 0.423875 0.592391 0.044983 0.136957
8 0.504325 0.846739 0.050173 0.150000
8 0.202422 0.420652 0.041522 0.076087
8 0.284602 0.326087 0.036332 0.056522
8 0.236159 0.290217 0.077855 0.145652
8 0.242215 0.175000 0.041522 0.102174
8 0.292388 0.108696 0.048443 0.052174
8 0.372837 0.064130 0.043253 0.076087
8 0.482699 0.070652 0.058824 0.106522
8 0.532872 0.084783 0.048443 0.117391
8 0.481834 0.202174 0.053633 0.130435
8 0.457612 0.317391 0.029412 0.073913
8 0.499135 0.426087 0.060554 0.169565
8 0.539792 0.500000 0.051903 0.134783
