8 0.354631 0.286517 0.066823 0.071161
8 0.596717 0.059925 0.075029 0.097378
8 0.257913 0.253745 0.049238 0.039326
8 0.225088 0.341760 0.084408 0.080524
8 0.206917 0.435393 0.057444 0.065543
8 0.167057 0.375468 0.099648 0.065543
8 0.314771 0.700375 0.144197 0.089888
8 0.344080 0.774345 0.048066 0.054307
8 0.245604 0.812734 0.080891 0.093633
8 0.416764 0.903558 0.073857 0.058052
8 0.499414 0.819288 0.053927 0.046816
8 0.596131 0.911985 0.055100 0.052434
8 0.874560 0.908240 0.032825 0.082397
8 0.920281 0.698502 0.049238 0.074906
8 0.866940 0.604869 0.057444 0.063670
8 0.746776 0.690075 0.044549 0.069288
8 0.479484 0.656367 0.035170 0.084270
8 0.490621 0.741573 0.050410 0.041199
8 0.984760 0.719101 0.030481 0.116105
