8 0.251875 0.376278 0.113750 0.147239
8 0.342500 0.547035 0.075000 0.128834
8 0.217500 0.520450 0.047500 0.067485
8 0.156250 0.262781 0.042500 0.075665
8 0.411250 0.161554 0.085000 0.081800
8 0.364375 0.338446 0.031250 0.063395
8 0.426250 0.448875 0.035000 0.075665
8 0.450625 0.622699 0.058750 0.071575
8 0.331875 0.690184 0.023750 0.059305
8 0.333125 0.903885 0.043750 0.065440
8 0.394375 0.910020 0.043750 0.044990
8 0.213125 0.688139 0.031250 0.042945
8 0.201875 0.595092 0.043750 0.044990
8 0.458750 0.368098 0.045000 0.085890
