8 0.259467 0.393421 0.058906 0.065789
8 0.309257 0.460526 0.051893 0.057895
8 0.313464 0.360526 0.035063 0.068421
8 0.431978 0.325000 0.033661 0.076316
8 0.644460 0.109211 0.057504 0.060526
8 0.863254 0.117105 0.065919 0.065789
8 0.971248 0.747368 0.029453 0.131579
8 0.880084 0.909211 0.029453 0.097368
8 0.767181 0.738158 0.047686 0.071053
8 0.643058 0.873684 0.043478 0.057895
8 0.628331 0.938158 0.047686 0.092105
8 0.549790 0.851316 0.061711 0.071053
8 0.502104 0.932895 0.047686 0.076316
8 0.452314 0.852632 0.071529 0.063158
8 0.428471 0.730263 0.113604 0.102632
8 0.350631 0.843421 0.084151 0.128947
8 0.540673 0.682895 0.043478 0.092105
8 0.600281 0.655263 0.050491 0.094737
8 0.068022 0.451316 0.082749 0.076316
