5 0.377604 0.515892 0.088542 0.210269
5 0.511068 0.425428 0.141927 0.190709
5 0.466146 0.630807 0.117188 0.146699
5 0.552734 0.700489 0.082031 0.100244
5 0.690755 0.849633 0.110677 0.168704
5 0.577474 0.875306 0.069010 0.210269
5 0.487630 0.855746 0.105469 0.234719
5 0.270182 0.786064 0.154948 0.183374
5 0.119141 0.865526 0.160156 0.190709
5 0.786458 0.486553 0.091146 0.210269
5 0.751302 0.344743 0.078125 0.156479
5 0.918620 0.184597 0.115885 0.193154
5 0.606120 0.255501 0.147135 0.149144
5 0.868490 0.446210 0.083333 0.188264
5 0.268880 0.603912 0.110677 0.132029
