4 0.107500 0.116667 0.175000 0.133333
4 0.393125 0.120000 0.161250 0.143333
4 0.378750 0.380833 0.190000 0.128333
4 0.136250 0.375000 0.175000 0.133333
4 0.123750 0.680000 0.180000 0.056667
4 0.126875 0.860000 0.196250 0.080000
4 0.306875 0.661667 0.053750 0.073333
4 0.115625 0.545000 0.098750 0.026667
4 0.407500 0.604167 0.140000 0.108333
4 0.325625 0.890000 0.118750 0.140000
4 0.436875 0.868333 0.078750 0.150000
4 0.576875 0.624167 0.051250 0.201667
4 0.665000 0.626667 0.047500 0.203333
4 0.755625 0.625000 0.038750 0.213333
4 0.856250 0.625833 0.035000 0.198333
4 0.933125 0.624167 0.041250 0.211667
4 0.848750 0.874167 0.057500 0.211667
4 0.756250 0.875000 0.057500 0.206667
4 0.661875 0.873333 0.043750 0.226667
4 0.576250 0.877500 0.045000 0.188333
4 0.925625 0.840833 0.038750 0.081667
